6 2 36 39
36 47 38 16
12 37 17 29
12 47 10 26
2 37 37 36
42 25 40 23
31 12 44 16
7 29 24 26
22 40 10 12
43 42 28 21
17 34 10 24
37 47 14 32
22 12 25 22
12 18 6 7
9 2 16 25
40 47 14 16
22 33 14 24
12 42 28 24
17 33 14 43
12 37 40 43
42 46 27 7
37 25 10 48
12 43 27 47
37 7 18 47
27 38 18 24
47 12 39 14
17 40 46 47
23 37 16 12
7 27 14 37
7 47 7 20
37 4 29 47
17 40 23 18
17 38 44 16
2 37 12 28
22 38 1 23
10 7 14 30
17 27 34 25
3 32 42 12
2 8 4 44
44 42 7 7
46 12 28 18
20 47 17 4
6 17 4 24
37 12 48 42
47 47 24 7
2 37 48 35
17 42 35 40
12 27 41 42
12 28 33 4
17 31 14 47
17 31 35 43
27 47 48 11
37 12 23 36
12 21 21 12
12 32 35 21
2 16 43 10
32 25 41 25
39 32 38 22
2 23 10 5
37 5 18 2
38 42 41 8
37 20 45 9
23 7 23 22
9 42 12 27
46 12 27 43
10 42 31 43
22 41 8 17
37 2 4 47
28 37 13 14
5 32 16 28
47 5 7 29
22 3 49 36
7 47 7 14
7 21 19 42
37 37 34 48
29 37 36 25
7 19 7 44
47 34 45 37
2 19 6 35
29 17 36 30
25 37 14 2
17 38 10 16
17 34 43 26
47 26 45 5
2 17 35 24
7 37 16 48
17 7 19 40
7 32 38 13
37 37 19 26
7 22 23 17
19 47 25 38
4 2 1 12
20 12 44 28
16 2 49 36
27 39 34 10
47 22 27 5
42 15 29 43
22 38 11 3
2 42 29 40
17 38 36 34
32 12 33 47
30 17 40 7
4 42 26 45
7 31 5 18
42 27 8 44
3 37 4 26
35 47 29 1
4 12 19 28
32 42 9 31
36 12 39 14
4 32 14 33
32 4 39 20
22 34 42 1
31 17 47 45
33 2 37 17
37 24 35 10
22 33 39 38
42 27 23 45
37 32 21 4
35 12 10 38
33 47 36 36
42 14 41 12
7 18 12 12
26 7 47 22
3 32 11 11
32 17 34 39
38 37 18 18
29 47 9 12
30 12 0 0
12 12 9 26
42 46 37 12
42 6 41 45
3 32 49 29
44 47 16 28
24 7 38 21
12 7 46 42
12 13 44 15
2 18 20 21
47 7 24 44
40 37 29 31
17 7 38 45
13 2 47 7
5 32 23 3
22 41 13 42
36 47 2 16
2 26 43 28
32 26 47 35
47 22 1 17
17 27 15 41
14 37 30 38
2 16 34 19
44 47 45 26
17 8 49 20
5 37 28 30
42 45 39 18
32 42 41 35
29 12 38 35
2 47 25 39
42 15 27 26
38 37 43 29
22 37 17 42
32 44 35 41
32 47 42 32
39 32 10 44
3 37 48 45
37 23 20 42
22 4 21 14
3 47 4 20
2 16 32 19
2 46 33 0
38 47 25 0
45 47 20 8
42 45 25 6
17 36 29 21
42 44 38 11
9 42 15 21
32 12 20 21
36 12 33 9
12 44 4 18
39 37 27 39
6 42 3 41
15 2 27 10
12 28 47 24
35 2 21 37
40 42 12 2
22 20 2 49
45 17 8 15
12 16 33 13
14 22 23 16
21 47 2 46
11 42 12 23
30 17 11 23
22 42 33 6
22 33 27 2
37 47 3 9
4 2 26 48
43 42 5 26
14 47 14 33
34 47 11 43
12 20 29 5
22 5 26 26
32 12 44 4
2 44 14 11
12 18 14 16
47 22 19 38
7 31 13 32
29 37 8 2
22 3 32 23
35 12 0 25
32 27 7 15
32 7 14 21
47 25 49 35
7 18 3 35
43 12 43 18
17 41 17 39
15 37 45 2
47 26 19 4
45 12 20 45
12 45 32 38
32 26 35 46
2 45 5 15
2 2 19 49
12 37 5 12
20 12 10 12
39 47 37 48
12 44 40 20
47 4 13 4
42 2 22 11
22 41 48 46
14 37 3 45
17 28 13 33
21 12 2 0
12 7 40 3
12 37 5 1
7 18 1 12
34 2 16 23
27 12 5 21
42 24 24 41
31 47 49 41
34 2 8 42
22 12 3 37
47 37 26 44
12 31 26 30
27 22 40 4
11 42 19 0
43 17 22 33
13 2 40 49
11 7 0 2
2 9 6 46
42 46 12 17
27 2 30 12
37 7 24 49
19 12 28 25
44 42 37 45
32 24 17 6
41 32 32 45
32 43 26 46
42 13 19 26
18 47 1 15
12 17 32 16
5 2 20 9
2 11 16 20
14 2 48 48
47 3 46 6
37 7 8 23
29 37 30 7
37 6 34 28
46 17 20 8
2 23 22 36
34 12 22 38
22 21 29 42
47 12 19 5
42 2 37 45
17 10 38 20
12 21 20 32
47 7 2 11
31 37 7 46
10 7 39 19
8 2 23 16
5 47 9 19
7 18 19 17
32 27 12 22
3 17 4 9
2 45 46 21
25 27 13 4
46 42 48 48
17 22 40 34
17 33 1 29
12 21 33 17
22 6 33 24
32 24 17 32
42 23 19 33
7 21 47 35
4 17 13 41
3 12 48 4
47 23 39 13
37 17 13 24
43 17 12 33
2 22 48 26
7 2 40 10
12 22 24 3
22 18 17 33
12 29 8 32
30 17 25 29
2 22 41 11
7 42 7 24
47 35 15 20
41 32 15 12
27 41 37 33
32 37 38 42
6 2 43 20
34 47 12 21
12 46 39 34
41 42 2 16
10 42 35 5
47 3 26 33
47 47 47 46
22 34 6 15
27 19 44 35
2 16 10 34
41 42 15 18
47 22 34 33
32 32 34 30
12 46 25 27
44 17 13 7
42 46 30 20
2 46 32 1
2 24 47 11
19 12 2 3
32 12 37 9
32 17 27 12
12 37 6 13
13 2 49 4
45 47 36 0
7 22 6 16
46 17 3 48
37 32 12 20
44 47 21 29
27 18 40 43
12 46 40 34
42 46 47 28
27 37 20 19
7 36 34 21
34 12 24 49
7 28 13 20
47 42 14 43
37 37 5 41
2 13 48 12
15 22 31 31
27 20 34 33
4 47 36 1
17 27 45 20
37 47 17 32
37 47 23 43
16 2 1 26
27 22 45 1
47 24 18 15
22 5 10 35
12 21 6 3
2 9 0 28
16 37 12 32
37 26 22 6
17 9 22 11
22 5 17 14
41 32 12 24
8 7 37 20
27 7 19 30
32 7 15 32
22 38 14 30
2 32 45 31
7 29 19 8
22 36 2 17
3 32 17 49
17 14 24 15
2 32 7 28
6 42 22 29
17 47 44 27
12 27 28 1
16 2 38 11
4 2 26 12
33 2 15 41
3 17 42 6
22 22 10 12
12 28 12 9
27 3 1 46
12 14 31 35
42 16 36 20
22 42 33 0
41 47 48 39
17 34 19 14
7 29 16 25
17 12 27 19
15 47 40 18
22 7 27 40
2 42 23 29
7 30 16 5
17 10 9 42
42 47 13 42
17 36 20 4
42 22 21 35
46 12 33 40
17 29 11 25
44 42 19 16
42 25 30 22
22 33 46 8
25 7 34 44
2 10 25 27
16 47 45 45
2 13 46 46
32 3 40 36
37 23 36 13
12 47 30 10
47 23 2 4
25 37 24 28
17 2 47 18
27 39 33 48
22 4 24 42
40 47 22 47
22 4 12 17
2 9 43 27
37 37 3 4
30 12 19 19
42 5 45 46
2 10 16 43
12 37 46 11
37 47 3 34
37 24 39 29
34 2 32 39
37 22 30 29
16 2 49 21
12 19 5 22
17 37 28 18
32 45 27 37
12 32 8 15
47 34 9 13
11 42 10 21
13 22 45 7
47 6 49 5
42 47 37 24
27 47 37 19
47 4 18 12
3 47 42 30
2 2 4 35
31 17 25 44
4 32 30 20
7 19 36 13
3 12 30 19
8 7 19 16
15 47 6 19
17 8 33 46
12 31 21 1
17 47 16 2
27 40 3 49
32 32 37 31
5 17 21 11
42 16 7 31
17 22 6 16
7 19 11 16
39 37 39 49
2 24 9 43
22 32 19 24
22 36 26 25
32 47 3 34
24 37 25 38
17 10 29 46
17 28 2 21
42 44 27 6
32 43 21 41
47 27 38 24
47 47 36 12
17 42 13 30
42 13 30 12
37 5 42 48
32 27 14 36
21 12 46 16
47 25 3 1
12 30 9 40
32 5 4 31
32 42 45 6
2 32 23 14
12 13 0 35
42 22 42 49
27 40 13 15
2 43 19 32
5 47 14 20
42 3 34 36
46 12 48 11
43 12 13 35
22 4 39 4
32 22 37 42
22 34 18 33
2 45 18 9
42 15 3 21
42 17 40 24
42 43 13 48
6 47 27 44
39 42 25 31
6 17 15 45
27 38 47 27
12 19 34 29
11 7 35 14
7 29 3 15
14 22 38 34
17 8 6 37
27 17 39 25
22 47 1 19
42 15 20 44
2 37 15 39
4 42 21 39
4 42 46 12
2 42 44 28
17 12 10 33
30 32 2 42
12 12 44 30
17 7 35 41
42 3 27 29
37 42 17 17
42 27 23 44
22 12 11 23
19 12 25 8
17 15 14 32
2 18 43 18
12 19 41 41
42 4 28 9
2 17 38 3
17 29 27 20
12 2 19 6
24 37 25 40
10 7 31 29
4 12 17 0
4 17 37 27
7 42 46 0
32 3 40 4
37 2 24 45
2 2 16 6
3 2 19 29
4 12 23 14
12 17 49 17
42 27 19 5
42 15 41 11
32 12 14 40
27 40 16 47
27 12 10 43
22 42 3 41
37 4 31 27
37 5 49 22
18 47 9 26
46 12 21 28
46 42 11 36
29 12 47 15
32 26 11 31
4 32 1 35
12 28 32 29
4 37 25 49
16 22 16 45
22 19 40 44
34 12 31 26
2 27 39 31
17 12 3 40
27 40 6 15
30 32 9 24
4 32 18 38
42 44 2 24
3 32 28 21
3 12 15 9
39 47 37 17
32 17 33 32
11 42 41 26
42 12 7 42
27 39 0 21
38 37 32 6
5 12 12 41
41 47 22 37
12 22 33 36
22 40 2 35
4 37 4 3
32 24 46 43
7 30 16 16
14 37 44 31
37 25 9 37
42 22 48 44
27 27 1 38
12 16 44 28
17 47 20 42
32 27 35 3
22 36 16 30
22 17 29 32
32 6 6 19
47 22 34 28
7 28 5 7
27 19 43 45
2 14 36 45
3 37 32 43
26 27 46 5
43 17 19 14
37 42 25 3
37 22 10 42
32 23 38 37
40 32 22 32
32 25 28 41
17 9 5 27
32 12 13 25
17 16 25 31
42 7 33 46
32 43 6 28
35 12 24 44
5 17 30 18
7 32 38 10
2 44 17 31
46 17 48 29
22 47 19 22
46 12 11 4
3 37 28 42
2 44 16 47
47 33 10 14
12 42 38 11
37 24 38 10
22 38 23 10
47 22 7 44
22 19 13 29
3 12 10 17
2 42 10 38
6 42 12 39
17 14 3 34
12 46 35 16
32 12 38 28
16 22 5 23
37 42 13 32
7 12 41 28
22 37 32 14
29 37 26 26
47 5 43 20
25 7 0 48
3 47 45 2
32 17 32 6
32 42 32 18
47 37 43 17
9 42 20 29
12 32 9 3
24 37 35 32
20 12 36 31
47 7 21 47
42 22 19 10
12 47 21 35
2 13 10 11
35 47 40 35
26 7 32 47
27 40 15 28
42 23 32 18
12 43 0 36
32 45 21 21
2 12 41 14
2 45 13 11
7 17 42 11
47 36 45 22
17 29 40 20
42 23 19 14
2 15 21 23
10 42 34 13
4 37 19 33
47 34 0 42
22 42 31 33
47 23 32 32
32 26 30 29
9 2 19 17
42 25 17 17
42 37 13 36
5 12 31 0
37 23 13 4
22 19 31 32
44 12 1 31
3 32 39 3
43 12 35 36
26 37 38 49
17 30 22 37
7 47 35 5
27 39 47 19
44 12 23 25
7 37 24 12
42 47 43 14
42 37 19 27
17 36 36 16
3 17 35 39
4 42 18 3
25 27 46 13
42 37 22 9
27 17 29 41
32 44 33 22
3 32 2 24
32 4 2 24
24 37 15 34
47 22 49 46
32 46 14 2
42 44 19 24
32 2 2 9
12 15 48 3
17 33 28 36
2 7 14 14
23 27 26 29
7 29 6 27
2 22 8 18
27 5 13 37
15 22 33 4
32 47 40 49
28 17 46 29
36 2 21 30
2 22 26 23
7 35 7 47
30 37 31 25
34 12 36 37
44 42 12 8
27 19 8 5
2 8 9 34
12 46 35 16
23 7 41 46
7 32 41 40
47 6 12 11
2 13 35 12
27 3 32 7
37 21 8 16
32 2 0 22
41 47 35 15
14 47 1 6
47 42 23 43
37 7 43 27
37 32 30 5
32 23 9 35
15 37 28 20
37 37 30 15
22 18 33 24
18 47 22 31
22 35 4 40
3 17 19 44
32 22 47 35
6 37 25 14
34 12 32 18
17 34 22 8
27 19 38 22
26 7 35 2
6 42 14 25
17 13 26 0
3 42 6 39
27 37 35 36
6 47 38 6
2 43 38 40
46 17 7 43
45 12 26 27
22 3 33 29
15 47 29 25
42 27 38 31
7 35 3 41
18 47 27 16
25 7 18 9
37 18 10 26
41 47 32 3
22 20 19 11
42 16 2 19
17 10 15 43
47 26 35 6
2 25 40 24
2 20 44 24
5 17 16 44
7 34 26 31
17 30 4 21
45 47 17 0
2 16 9 4
32 5 30 15
27 41 44 27
27 12 36 14
47 2 46 6
27 27 17 18
34 47 28 9
32 5 16 32
17 29 48 6
8 7 18 4
30 32 45 41
32 4 37 18
7 32 32 39
7 28 13 46
6 17 7 22
43 42 40 28
47 23 39 14
12 17 8 19
7 29 4 33
39 47 24 8
2 45 6 41
15 22 40 5
26 7 35 36
2 20 1 5
5 32 34 18
32 12 26 17
47 26 25 1
42 16 7 13
2 22 27 49
22 33 8 5
17 12 2 17
37 27 20 33
10 42 13 11
17 38 47 24
21 12 9 26
27 7 34 9
17 41 18 19
37 37 13 34
2 13 21 31
7 34 12 40
20 12 14 13
17 27 10 24
4 2 23 26
5 47 38 6
17 36 21 28
28 32 45 39
30 37 40 5
3 47 6 13
12 43 34 40
47 4 31 21
2 11 49 10
37 27 29 41
2 20 10 8
4 17 26 11
47 4 48 1
47 2 26 15
32 25 22 9
2 17 19 48
47 3 9 27
12 32 12 8
2 25 22 9
17 35 6 38
37 47 0 8
47 25 29 17
39 47 19 9
17 41 13 32
12 29 44 49
4 42 23 3
14 37 43 9
27 5 5 18
35 12 22 14
15 37 2 44
14 22 42 27
12 17 26 21
7 29 45 21
17 10 25 18
22 42 15 26
7 18 36 19
47 34 10 7
40 47 26 23
23 27 6 20
7 18 7 37
37 18 41 33
39 42 42 2
44 12 10 30
27 21 19 16
43 17 19 18
22 22 18 0
42 37 21 32
37 17 30 32
22 19 22 46
47 5 47 25
2 8 6 12
12 31 40 12
12 30 16 25
36 47 5 49
13 2 34 2
42 3 35 48
2 15 14 42
37 2 45 16
3 12 17 36
19 12 49 33
32 22 24 49
37 32 38 10
2 2 25 30
37 5 22 28
32 44 20 10
42 17 16 16
2 14 15 31
47 5 7 19
5 12 24 4
47 5 32 39
17 41 32 28
30 17 43 35
47 3 17 45
41 37 19 38
32 7 26 12
37 23 38 8
2 12 30 32
47 37 10 16
17 12 24 39
22 33 5 0
32 46 30 20
15 37 29 7
22 6 24 25
5 17 36 4
27 20 35 30
47 6 48 37
12 30 32 21
13 37 48 41
12 13 13 4
37 4 24 3
47 4 32 27
27 5 39 34
32 17 47 16
4 32 48 38
39 32 32 28
12 47 14 20
22 39 48 7
16 2 14 14
3 42 45 12
37 32 9 11
31 37 29 5
32 5 7 43
24 37 21 9
42 6 42 33
22 27 19 4
6 32 34 36
14 37 22 36
17 41 3 46
47 34 12 38
17 12 3 18
42 4 18 26
17 2 29 41
22 47 37 49
11 2 9 39
37 17 30 13
2 15 42 20
7 30 45 38
29 17 12 11
39 47 23 15
4 32 43 8
41 42 27 9
37 5 24 22
45 12 39 10
45 42 30 9
9 2 0 24
6 47 10 19
37 42 29 37
17 37 11 32
12 42 39 41
12 19 20 25
2 21 21 47
47 47 2 15
20 12 5 48
7 37 35 5
33 47 29 8
16 37 32 22
6 42 6 37
22 17 47 15
47 36 23 9
17 22 46 32
22 18 29 31
7 33 11 35
13 22 35 7
17 10 19 29
26 7 47 12
14 47 42 20
7 30 22 1
27 18 44 41
27 17 23 45
34 47 21 45
25 7 48 45
27 39 35 3
41 47 41 27
7 33 10 7
41 47 24 8
12 45 6 35
47 42 48 45
7 37 0 48
44 42 45 5
9 2 3 30
38 42 45 14
37 17 4 19
2 45 17 4
14 37 18 19
22 22 30 31
5 12 19 29
2 25 4 27
17 37 12 8
12 42 9 34
5 12 11 8
42 3 36 21
2 19 24 19
11 42 41 38
42 4 34 31
45 42 34 44
22 37 28 26
18 12 0 14
19 47 12 12
3 37 47 15
31 17 42 31
26 7 27 29
6 12 35 35
2 2 27 25
7 31 12 9
8 7 10 18
2 8 18 47
47 27 6 13
12 18 5 6
42 44 5 2
5 17 2 47
27 22 5 11
12 30 14 47
2 44 15 15